




[ 1.19609639e-04  3.85440702e-02  7.87153673e-01 -3.23170206e-01
  5.84606646e-01  6.73163505e-01 -3.17249085e-01]
[ 0.00236445  0.04023746  0.778277   -0.34986264  0.59967979  0.66338281
 -0.27911204]
[-0.01233164 -0.00533866  0.79304378  0.63477706  0.2310967   0.72760181
  0.119365  ]
[ 0.00150812  0.0393101   0.78202493 -0.31039691  0.58985135  0.66825578
 -0.33039879]
[ 0.0011185   0.03948319  0.78201999 -0.33066677  0.60823518  0.66057536
 -0.29043011]
[ 0.00127621  0.03957614  0.78215447 -0.29965245  0.62487492  0.64220642
 -0.32758305]
[-0.01165073 -0.00545989  0.78610559  0.59298626  0.34142336  0.6981885
  0.21054738]
[ 6.81887034e-04  3.90707041e-02  7.84301005e-01 -3.24277541e-01
  6.06229138e-01  6.59091937e-01 -3.04841151e-01]
[ 0.0011926   0.03927756  0.78252597 -0.31354432  0.60013756  0.66287948
 -0.3195554 ]
[ 4.31920185e-04  3.87410224e-02  7.86510148e-01 -3.16637061e-01
  6.09157251e-01  6.56216705e-01 -3.13126254e-01]
[ 0.00119871  0.03916273  0.7830223  -0.31131592  0.59791119  0.66468247
 -0.32215186]
[ 0.00287089  0.04064023  0.77495082 -0.34774586  0.59601473  0.67068028
 -0.27207943]
[ 0.00118603  0.03893897  0.78401435 -0.33330119  0.60550564  0.66161443
 -0.29075691]
[ 0.00114705  0.03911279  0.78368201 -0.30722948  0.59112386  0.66951694
 -0.32852656]
[-0.01077483 -0.00506677  0.78654142  0.6295755   0.32336434  0.67989691
  0.19186034]
[-0.01274206 -0.00546473  0.79439187  0.58665408  0.35287275  0.68196803
  0.25736632]
[ 0.00140872  0.03981703  0.78182083 -0.31796295  0.62258301  0.64702591
 -0.3043804 ]
[-0.01201305 -0.00564913  0.78938903  0.58436176  0.37293368  0.68007
  0.23863488]
[ 0.00154659  0.03975796  0.78013418 -0.30629558  0.61895253  0.64574804
 -0.32571499]

[ 0.00134028  0.03815615  0.78420624 -0.35285606  0.58228145  0.6763395
 -0.2810797 ]
[ 0.00122934  0.03820987  0.7847401  -0.33799461  0.59564956  0.6659406
 -0.29577756]
[ 0.00229972  0.03852775  0.7814275  -0.33392591  0.60193405  0.65985584
 -0.3012626 ]
[ 0.00181295  0.03839055  0.7831267  -0.35701307  0.59235287  0.67147277
 -0.26605277]
[-0.00749539 -0.03755192  0.75633988  0.63296555 -0.17136469 -0.4727383
  0.58864867]
[-0.00716788 -0.03756462  0.75553362  0.6336922  -0.24993185 -0.39075062
  0.6190979 ]
[-0.00788073 -0.03746387  0.76165265  0.64603414 -0.17374406 -0.46500784
  0.57984532]
[-0.00695901 -0.03743958  0.75728416  0.62684626 -0.26453942 -0.37752615
  0.62813747]
[-0.00695345 -0.0376426   0.75851948  0.64629195 -0.18741002 -0.45362418
  0.58430241]
[-0.00743438 -0.03737548  0.75993237  0.65293719 -0.21546813 -0.41678426
  0.5945901 ]
[-0.00526746 -0.03770508  0.75094436  0.64034122 -0.19712592 -0.45279057
  0.58829006]
[-0.00668997 -0.03751833  0.75735427  0.65468782 -0.19968761 -0.4367607
  0.58373693]
[-0.00667812 -0.03753085  0.75769832  0.64220887 -0.23754454 -0.40484324
  0.6060052 ]
[-0.0063791  -0.0374132   0.75575158  0.6159227  -0.25130293 -0.39503268
  0.63358917]




[ 0.00395193 -0.03527404  0.7760062  -0.01830095  0.72805192  0.63751454
  0.2513577 ]
[ 0.00480912 -0.03542177  0.7730614  -0.01709471  0.74875086  0.61438922
  0.24820517]
[ 0.00918321 -0.0146132   0.73132052  0.43263146  0.16027719  0.64016201
  0.61427506]
[ 0.00314115 -0.03481685  0.77794088 -0.01751785  0.71322904  0.65743187
  0.24244754]
[ 0.00418771 -0.03514793  0.77577247  0.03636983  0.6582666   0.730445
  0.17836037]
[ 0.00919422 -0.0147049   0.73335466  0.56722359  0.17072827  0.63297816
  0.49844548]
[ 0.00873166 -0.01484068  0.73564971  0.59615021  0.1788257   0.62423256
  0.4721864 ]
[ 0.0036021  -0.03562069  0.77749094 -0.00533884  0.7021116   0.67326294
  0.2317926 ]
[ 0.00471881 -0.03543551  0.77340088 -0.00793692  0.70072435  0.67290467
  0.23690016]
[ 0.0040982  -0.03529229  0.77544598 -0.02846131  0.73402099  0.62737051
  0.25847513]
[ 0.00414646 -0.03541431  0.77560754 -0.00191803  0.68028319  0.6986307
  0.22164444]
[ 0.00348622 -0.03554089  0.77850659 -0.03953822  0.74725344  0.60147604
  0.27977775]
[ 0.00443974 -0.03532811  0.77455322  0.00221973  0.76614383  0.5940127
  0.24529088]
[ 0.00272417 -0.03571894  0.78116774 -0.0345661   0.71680147  0.64393268
  0.26523865]

[-0.01930695  0.04278014  0.7736137   0.46973605 -0.42302341 -0.43688424
  0.63994641]
[-0.01849641  0.04321399  0.7700779   0.49810173 -0.38963682 -0.46919794
  0.61638552]
[-0.01829675  0.04321446  0.76920055  0.48961002 -0.36496156 -0.4956438
  0.61759397]
[-0.0185953   0.04346131  0.76974823  0.48736583 -0.39845565 -0.44074056
  0.63988702]
[-0.01977636  0.04257381  0.77623564  0.46019263 -0.45504775 -0.39502807
  0.65200238]
[-0.01933581  0.04282011  0.77494258  0.44234903 -0.45162802 -0.38315051
  0.67346503]
[-0.01916975  0.04322836  0.77225249  0.4566356  -0.42948363 -0.40258151
  0.66705012]
[-0.01935401  0.04253299  0.77339263  0.4706926  -0.44659072 -0.40235436
  0.64584532]
[-0.01966533  0.042675    0.77145314  0.41862107 -0.40623321 -0.4125959
  0.69963963]
[-0.0179767   0.04354207  0.76955064  0.49239176 -0.41153917 -0.44789206
  0.62255809]
[-0.01987784  0.0426063   0.77492403  0.42903862 -0.44601676 -0.38897181
  0.68241911]
[-0.02084282  0.04186543  0.78077493  0.46721414 -0.42817068 -0.41539407
  0.65255542]
[-0.01856646  0.04342293  0.76940482  0.46633296 -0.43276654 -0.41330937
  0.65147683]
[-0.02023345  0.04241787  0.77636374  0.43846285 -0.4431724  -0.39033462
  0.67748612]
[-0.02008986  0.04264017  0.77762934  0.43678763 -0.45778083 -0.37716761
  0.67631196]
[-0.01868035  0.0431095   0.77063798  0.44009774 -0.46158167 -0.3766255
  0.6718702 ]
[-0.02012083  0.04243678  0.77552769  0.40161702 -0.48247668 -0.33387835
  0.70316802]
[-0.0190639   0.04331229  0.77069897  0.51281335 -0.4158213  -0.43639493
  0.61128927]
[-0.02049149  0.04218918  0.77814513  0.44907863 -0.43485713 -0.39967447
  0.67043865]
[-0.01920564  0.0430864   0.77359419  0.4909934  -0.39695045 -0.45587767
  0.62732079]
[-0.0199677   0.0424833   0.77639465  0.46260956 -0.43121938 -0.41303818
  0.65531802]
[-0.01889708  0.04318965  0.77044315  0.45421584 -0.42921595 -0.41626046
  0.66044596]
[-0.01924399  0.04269568  0.7720534   0.45133724 -0.43222474 -0.40574794
  0.66696708]
[-0.01967977  0.04251341  0.77570867  0.46356595 -0.43266251 -0.41592334
  0.65185699]
[-0.0188491   0.04335072  0.77054767  0.41734974 -0.49312302 -0.33798286
  0.68440958]
[-0.02054237  0.04231177  0.77811997  0.48098348 -0.42051638 -0.42293956
  0.64260641]
[-0.01954689  0.04274691  0.77394359  0.45984782 -0.4510283  -0.39441373
  0.65540161]
[-0.01937372  0.04299298  0.77011175  0.46636869 -0.4255139  -0.41390658
  0.65583497]
[-0.01956231  0.04265504  0.7734848   0.44730011 -0.43223514 -0.40743909
  0.66864698]
[-0.0180025   0.04366511  0.76843902  0.47418795 -0.43332154 -0.41763626
  0.64261823]

[ 0.00669085 -0.03775101  0.77249341 -0.04770982  0.63217534  0.73947042
  0.22641029]
[-0.01783355  0.0422683   0.76868884  0.46046096 -0.37807977 -0.45712257
  0.66035622]
[ 0.00786431 -0.03789545  0.76950332 -0.03420583  0.61906366  0.75599001
  0.20992676]
[-0.01828004  0.04246141  0.76908521  0.50795098 -0.36119166 -0.47690596
  0.61974761]
[ 0.00697489 -0.03767797  0.7718145  -0.04359436  0.62653513  0.74408357
  0.22780012]
[-0.01866872  0.04141261  0.77441127  0.47921623 -0.40274348 -0.44217749
  0.6423617 ]
[ 0.00763099 -0.03767087  0.77008171 -0.04583201  0.6150279   0.7530682
  0.22919073]
[ 0.00750823 -0.03749015  0.7703903  -0.00414116  0.61949059  0.76582153
  0.17242868]
[ 0.00751703 -0.03776254  0.77077483 -0.03888427  0.61996161  0.74876465
  0.2312728 ]
[ 0.00816782 -0.03762914  0.76865152 -0.04035638  0.61747368  0.753164
  0.22325233]
[-0.01800341  0.04199368  0.7713901   0.46649384 -0.41790005 -0.42828719
  0.65139322]
[ 0.0068779  -0.03773521  0.77250356 -0.03793752  0.62183003  0.75111123
  0.21844927]
[ 0.00706202 -0.03741988  0.77229796  0.011056    0.64809105  0.74084854
  0.17606588]
[ 0.00599423 -0.03754467  0.7749953  -0.04719756  0.62695077  0.74654148
  0.21767163]
[-0.01877017  0.04163621  0.77090182  0.42521796 -0.39622597 -0.42008764
  0.6969369 ]
[ 0.00583843 -0.03721694  0.77545968 -0.00736924  0.64055548  0.745016
  0.18597186]
[ 0.00666827 -0.03736175  0.77283452  0.00131309  0.64900252  0.74102707
  0.17225819]
[ 0.00616612 -0.03736036  0.77428507 -0.00778169  0.63351711  0.75194149
  0.18215245]
[ 0.00786218 -0.03765359  0.76976595 -0.02435011  0.59950014  0.77477744
  0.19931526]
[ 0.00745083 -0.03763033  0.77111538 -0.02027481  0.62339952  0.75340413
  0.20819267]
[ 0.00689627 -0.03753906  0.77247622 -0.06509517  0.60989411  0.74871102
  0.25144304]
[-0.01878375  0.04141301  0.77409924  0.46712546 -0.37605681 -0.45537614
  0.65803317]
[-0.01815142  0.0416427   0.77311371  0.51348349 -0.35940197 -0.48802599
  0.60745006]
[-0.01952321  0.0412758   0.77501279  0.4370123  -0.40667173 -0.41516722
  0.68649438]
[-0.01968115  0.04114111  0.77670623  0.44847601 -0.40612118 -0.42814884
  0.67128491]
[ 0.00623266 -0.03748047  0.77448656 -0.05163471  0.65501305  0.71381876
  0.24239336]
[-0.01813901  0.04201543  0.77202865  0.45652464 -0.40629994 -0.42779883
  0.66595329]
[ 0.00632142 -0.03744581  0.77460546  0.00265736  0.65810243  0.72928252
  0.18719278]
[ 0.00745079 -0.03762319  0.77116316 -0.04030433  0.64281711  0.72918935
  0.23118092]
[-0.01997791  0.04157511  0.77528764  0.47564154 -0.36059069 -0.4628599
  0.65536264]

[-0.01745468  0.04057674  0.77435048  0.53351824 -0.35542165 -0.50174224
  0.58076542]
[-0.01714468  0.04146333  0.77245377  0.54377513 -0.35811187 -0.488858
  0.58058793]
[-0.01793994  0.04041184  0.77696768  0.49313558 -0.38292089 -0.46708608
  0.62611459]
[-0.01709092  0.04110507  0.77227954  0.52134521 -0.36613552 -0.48852387
  0.59622846]
[-0.01783199  0.04078609  0.77427007  0.48942145 -0.37165543 -0.46675828
  0.63598395]
[-0.01731484  0.04069135  0.77510872  0.54019007 -0.36951072 -0.48526261
  0.57980748]
[-0.02013151  0.04011812  0.77769831  0.48759059 -0.314755   -0.51618363
  0.62987234]
[-0.01901063  0.04074319  0.77499598  0.49358106 -0.35042904 -0.47466086
  0.63896345]
[-0.0184948   0.04048448  0.77443319  0.48179771 -0.36911402 -0.46875547
  0.64178978]
[-0.01871192  0.04086826  0.7739876   0.48626927 -0.33492528 -0.48529236
  0.64487097]
[-0.01950074  0.04013118  0.77949636  0.50908014 -0.35839211 -0.48115424
  0.61715728]
[-0.01884354  0.04050156  0.77563213  0.519543   -0.32369104 -0.52313567
  0.5929825 ]
[-0.0173495   0.04136032  0.77124013  0.50850101 -0.316233   -0.52087326
  0.60837033]
[-0.01885755  0.03984417  0.778213    0.52954792 -0.36134025 -0.48896123
  0.59154808]
[-0.02087233  0.03902194  0.78313337  0.49277928 -0.36338484 -0.47529225
  0.63183646]
[-0.01795489  0.04130118  0.77263747  0.51803049 -0.34715024 -0.48923224
  0.60974006]
[-0.01784499  0.04037163  0.77690632  0.54668266 -0.36610909 -0.48966947
  0.57212412]
[-0.01770083  0.04083195  0.77263261  0.51808502 -0.36517469 -0.47597747
  0.60965631]
[-0.0179855   0.0403441   0.77478019  0.51576448 -0.38104786 -0.4771398
  0.60093855]
[-0.0169858   0.04097982  0.77291855  0.51183041 -0.36097392 -0.50166963
  0.59670349]
[-0.01895776  0.03977174  0.77928123  0.50107062 -0.38161855 -0.46717577
  0.62051778]
[-0.01837225  0.04087789  0.77412706  0.48191507 -0.36137536 -0.47000038
  0.64518629]
[-0.01687673  0.04115975  0.77186966  0.53129602 -0.34195172 -0.51403439
  0.58013982]
[-0.01908877  0.04063035  0.77565153  0.4530776  -0.36646512 -0.44666048
  0.67890973]
[-0.01789076  0.0403509   0.77589149  0.51520695 -0.38783563 -0.46220896
  0.60869385]
[-0.01910945  0.0399564   0.77904397  0.51251222 -0.3484864  -0.49839409
  0.606211  ]
[-0.01830843  0.04030876  0.77743334  0.51364715 -0.35982658 -0.48963281
  0.60576493]
[-0.01718914  0.04135917  0.76883937  0.49908392 -0.35687267 -0.47503122
  0.63079511]
[-0.01683094  0.04103349  0.77187839  0.53008188 -0.33832775 -0.52042722
  0.57767035]
[-0.0179748   0.04098079  0.77438434  0.52661541 -0.36079363 -0.48283187
  0.59948107]

[-0.01714446  0.03957775  0.77762004  0.55198884 -0.3283187  -0.5216693
  0.56158373]
[-0.01779642  0.0394424   0.77814607  0.55992714 -0.32391101 -0.52128816
  0.55661649]
[-0.01618914  0.03993872  0.77602633  0.58122551 -0.29929491 -0.55081419
  0.51884795]
[-0.0172658   0.03982998  0.77618059  0.54323552 -0.33289328 -0.50266256
  0.58430094]
[-0.01816372  0.03940596  0.77883471  0.5402962  -0.28329961 -0.55665571
  0.56387566]
[-0.01773619  0.03945119  0.77671907  0.55542276 -0.31097384 -0.53752267
  0.55305533]
[-0.01722633  0.03982602  0.77466534  0.55343986 -0.30242328 -0.54186861
  0.55553837]
[-0.01973231  0.03880015  0.77832951  0.48728878 -0.30845863 -0.51403804
  0.63495497]
[-0.01600946  0.04008619  0.77537588  0.5983343  -0.26123103 -0.59463605
  0.46921464]
[ 0.03085418  0.02313195  0.7205581   0.9086889  -0.40455384 -0.07110565
  0.07459664]
[-0.01785943  0.03952718  0.77747636  0.57613196 -0.2957542  -0.54879408
  0.52860806]
[-0.01663796  0.04018535  0.77542694  0.56991482 -0.28293175 -0.55969808
  0.53092823]
[-0.01767572  0.04015138  0.77296421  0.5071499  -0.27610256 -0.551015
  0.60245235]
[-0.0162538   0.04017274  0.77507795  0.57947485 -0.32211791 -0.5242455
  0.53443016]
[-0.01639083  0.04051044  0.77457422  0.53628035 -0.35525598 -0.4781335
  0.59798406]
[ 0.00780493 -0.03978583  0.77923043  0.00634141  0.57879634  0.80330214
  0.14021506]
[-0.01764767  0.03948703  0.77669117  0.55161605 -0.28322995 -0.56258222
  0.54681055]
[-0.017071    0.04017507  0.77457159  0.5236167  -0.3397931  -0.49274068
  0.60627785]
[-0.02071536  0.03830739  0.78059051  0.46967354 -0.28368286 -0.53888271
  0.63916838]
[-0.01759556  0.03950912  0.7784018   0.53801604 -0.34400114 -0.49658541
  0.5878817 ]
[-0.01810083  0.03940644  0.77756917  0.53379698 -0.3222986  -0.51346142
  0.58952673]
[-0.01737092  0.03973816  0.77695245  0.57193033 -0.29278922 -0.54582133
  0.53781897]
[-0.01661647  0.03978629  0.7765409   0.57210432 -0.27858415 -0.57257914
  0.51695324]
[-0.01675264  0.03959722  0.77678406  0.56181704 -0.30639229 -0.54402751
  0.54269646]
[-0.01876118  0.03956752  0.77613196  0.52162379 -0.24847569 -0.58807536
  0.56598217]
[-0.01778569  0.03936771  0.77830967  0.55629945 -0.31418026 -0.52981704
  0.55777736]
[-0.01864383  0.03927692  0.77743489  0.5452556  -0.27866769 -0.56573785
  0.55225115]
[-0.01728627  0.04019807  0.77455157  0.52197491 -0.3200354  -0.51133709
  0.60303724]
[-0.01688082  0.03991601  0.77597526  0.54774071 -0.359175   -0.48642469
  0.57824256]
[-0.0166562   0.03999801  0.77586625  0.56243428 -0.33448879 -0.50806923
  0.56004516]

