65cm

60cm

55cm
55cm
55cm
70cm

65cm

60cm

55cm
0.787153672649366
0.7782770009627835
0.7930437828912322
0.7820249274845819
0.7820199871118615
0.7821544654305427
0.7861055922650441
0.784301004593952
0.7825259746581826
0.7865101481038199
0.7830223038446882
0.7749508237515889
0.7840143524479205
0.7836820113912482
0.7865414221959395
0.794391866259697
0.7818208336181781
0.7893890335940551
0.7801341817989121

50cm
0.7842062435173948
0.7847400964940255
0.7814274983540738
0.78312670016956
55cm
0.7563398759552987
0.755533622606656
0.7616526488556831
0.7572841581289647
0.7585194759424105
0.7599323717264344
0.7509443634711911
0.7573542663814802
0.7576983210822991
0.7557515843473886

70cm

65cm

60cm

55cm
0.7760061960803636
0.7730614002870653
0.7313205244335159
0.7779408769317934
0.775772470605516
0.7333546646757327
0.7356497144950503
0.7774909382439622
0.7734008803731836
0.7754459817312328
0.7756075371657275
0.7785065907000412
0.774553216153634
0.7811677425758531

50cm
0.773613698244779
0.7700779000345837
0.7692005502519992
0.7697482281990563
0.776235639877566
0.7749425776599989
0.7722524906045287
0.7733926346581717
0.771453137946881
0.7695506351471995
0.7749240301181587
0.7807749294895204
0.7694048160542996
0.7763637361653767
0.7776293422529837
0.7706379787385239
0.7755276890071725
0.7706989666270828
0.7781451265355079
0.7735941923372129
0.7763946534411401
0.7704431469678135
0.7720534034834711
0.7757086722592212
0.7705476702682775
0.7781199744129377
0.7739435876029488
0.7701117536881065
0.7734847995221955
0.7684390171407335

45cm
0.7724934080081403
0.7686888424645935
0.7695033215415362
0.7690852107808541
0.7718144997575371
0.774411270817424
0.770081706294143
0.770390298960569
0.7707748266507879
0.7686515187884837
0.7713901003132838
0.7725035624846013
0.772297957797947
0.7749953034177226
0.7709018181430294
0.7754596817290851
0.7728345209516779
0.7742850674427822
0.7697659492586613
0.7711153801168847
0.7724762215878992
0.7740992358738181
0.7731137147649692
0.775012788990304
0.7767062252804859
0.774486559849669
0.7720286549151245
0.7746054605103705
0.7711631559512215
0.7752876394619879

40cm
0.7743504818959923
0.7724537697293865
0.7769676802167471
0.7722795432145861
0.7742700742670177
0.7751087191437254
0.777698308098203
0.7749959775118913
0.774433185435382
0.7739875985309622
0.7794963556403423
0.7756321265834265
0.7712401291942182
0.7782130032740113
0.7831333684259318
0.7726374692857246
0.7769063238820435
0.7726326084338806
0.7747801894468727
0.7729185490355881
0.7792812289130591
0.7741270581941833
0.7718696632160248
0.7756515307080375
0.7758914930511281
0.7790439740181555
0.7774333368007839
0.7688393713492088
0.7718783893365991
0.7743843420994267

35cm
0.7776200447057334
0.7781460718392598
0.7760263321384024
0.776180590491964
0.7788347064658139
0.77671906825744
0.7746653362737292
0.7783295113772202
0.7753758773636082
0.720558097044584
0.777476355554664
0.7754269372814974
0.7729642070063358
0.7750779530357611
0.7745742195406076
0.7792304273925987
0.7766911664680005
0.7745715885318645
0.7805905112407051
0.7784018024306657
0.7775691720816913
0.7769524537758742
0.7765409047511644
0.7767840610474361
0.7761319579779467
0.7783096729854262
0.7774348885731713
0.7745515668981049
0.775975257192933
0.7758662479330569

